6 16 2 8 3 12 5 15 14 10 7 13 4 11 1 9
16 7 5 9 11 8 15 6 3 14 13 1 2 12 10 4
2 14 11 5 13 6 8 15 3 12 9 7 10 4 16 1
3 16 13 15 7 8 1 6 4 5 9 2 11 10 14 12
16 13 10 11 1 15 3 8 14 6 4 9 12 5 7 2
2 11 8 13 15 1 16 5 12 4 14 10 3 6 9 7
4 8 15 7 3 10 2 6 5 1 16 13 14 11 12 9
11 8 16 15 7 4 10 14 5 12 6 3 1 9 13 2
10 4 1 12 3 16 5 15 9 2 11 7 13 14 6 8
12 14 3 2 9 6 10 7 8 13 11 15 5 1 4 16
12 10 4 7 2 6 11 5 15 1 14 13 16 8 9 3
2 15 3 13 1 8 10 6 12 11 5 9 7 14 4 16
14 10 12 9 1 5 3 6 2 4 15 11 7 8 16 13
10 6 13 9 16 12 5 2 8 11 7 1 3 4 15 14
4 13 2 6 11 14 15 9 16 1 5 3 10 7 8 12
7 5 2 8 14 13 16 1 15 3 12 11 9 10 4 6
3 6 7 1 15 13 2 10 11 12 9 4 5 16 14 8
16 3 9 13 15 5 4 1 8 11 6 14 7 12 10 2
10 6 14 5 4 11 7 16 3 12 9 13 1 2 15 8
9 10 8 12 11 15 5 4 14 6 7 2 13 3 16 1
12 8 2 14 10 1 3 4 9 5 11 6 7 15 16 13
8 6 2 10 12 4 1 3 5 16 15 7 14 11 9 13
1 3 14 13 12 9 2 4 15 10 5 6 7 11 16 8
5 6 10 7 12 11 8 4 3 15 13 14 2 9 1 16
7 11 5 14 12 10 16 2 15 4 6 1 8 9 3 13
7 6 5 9 13 15 8 14 12 2 11 16 1 4 10 3
15 10 8 12 2 14 6 13 11 4 9 1 7 3 16 5
3 7 10 6 15 12 8 14 13 9 11 5 2 1 16 4
9 2 15 16 7 6 5 10 11 14 1 12 8 4 3 13
16 15 4 12 13 2 8 14 9 5 11 3 6 10 1 7
10 15 8 3 1 14 12 11 16 2 9 13 6 7 4 5
11 5 3 16 2 6 12 4 13 10 1 14 8 9 15 7
3 15 2 8 10 9 5 11 13 4 7 12 14 16 1 6
2 12 7 5 9 6 14 10 4 16 1 3 11 8 13 15
2 8 5 7 9 13 10 3 1 14 6 16 15 4 12 11
6 1 10 11 2 7 5 15 3 12 4 13 14 8 9 16
16 2 7 3 11 14 12 8 5 6 4 13 1 15 10 9
11 9 15 13 12 6 2 7 4 1 5 14 3 10 16 8
14 15 4 5 8 10 1 6 13 11 16 3 9 12 7 2
12 1 16 11 9 5 7 2 8 13 15 3 10 14 6 4
3 14 1 11 8 4 5 16 10 7 6 2 13 12 15 9
14 5 9 11 15 2 13 6 16 1 3 8 12 4 7 10
7 11 5 10 9 1 3 12 16 2 4 6 8 13 14 15
12 10 5 3 7 4 11 1 2 14 15 9 6 16 13 8
10 2 13 6 14 3 11 4 1 8 12 16 7 15 5 9
2 13 3 14 8 10 11 6 15 9 1 5 7 16 12 4
11 8 12 4 7 9 3 16 6 5 10 2 1 13 15 14
6 2 11 7 16 5 4 10 3 8 9 15 14 13 12 1
5 6 7 12 13 14 10 1 8 11 4 2 15 9 16 3
12 2 1 9 14 8 13 3 10 6 16 5 4 11 7 15
7 8 2 16 1 6 4 12 3 9 13 14 15 10 5 11
9 15 16 7 3 14 13 1 10 6 11 12 2 4 8 5
16 12 4 5 2 3 1 8 7 11 13 9 14 15 6 10
5 11 4 15 10 8 16 13 7 9 14 6 2 1 12 3
13 16 7 11 6 12 10 4 15 8 2 9 3 5 1 14
14 5 9 12 3 7 15 10 13 16 11 8 1 2 4 6
5 16 8 12 9 2 7 14 15 1 13 3 4 6 10 11
11 5 15 1 3 10 13 14 9 2 8 16 4 6 7 12
1 12 5 7 14 4 9 13 16 11 10 2 8 15 3 6
14 5 4 15 6 7 13 10 2 11 1 9 12 8 16 3
5 3 14 11 8 2 16 10 15 6 7 9 12 4 1 13
15 1 11 3 10 6 12 13 16 7 9 5 14 8 4 2
6 12 8 10 7 4 5 2 13 3 11 14 9 16 1 15
6 12 5 4 14 7 1 16 10 11 15 8 3 9 13 2
12 9 7 11 8 2 10 3 5 6 13 14 4 15 1 16
8 16 12 11 1 4 5 9 10 14 13 3 15 6 7 2
7 13 2 8 12 5 6 9 11 1 16 15 10 4 3 14
6 14 13 3 5 9 1 2 15 11 12 7 16 4 10 8
9 10 11 12 13 15 1 8 5 16 7 4 2 3 14 6
7 14 2 11 10 16 4 6 1 5 13 15 12 9 8 3
9 16 12 4 8 3 7 13 10 6 1 2 5 11 15 14
4 15 16 1 7 11 14 3 8 6 2 5 13 9 10 12
9 5 16 3 4 11 14 12 2 13 1 7 8 6 15 10
15 11 1 7 10 4 2 16 12 14 5 3 9 8 13 6
11 13 7 16 14 3 12 4 5 1 9 6 8 15 10 2
3 9 8 16 2 11 12 7 14 4 5 1 13 6 15 10
6 13 3 14 7 16 8 10 15 1 12 4 9 11 2 5
9 3 13 14 2 12 8 15 7 1 11 5 4 6 16 10
9 5 4 12 1 2 14 6 8 3 13 11 15 7 10 16
15 7 6 12 14 11 13 8 1 10 5 3 16 9 2 4
13 15 12 9 5 10 14 11 16 1 4 3 8 6 2 7
16 4 7 6 1 9 15 3 8 5 12 13 11 2 10 14
1 3 6 13 5 2 4 9 10 7 12 14 8 15 16 11
3 12 6 2 15 9 5 14 10 1 7 13 8 4 11 16
6 12 1 5 13 8 3 15 11 16 7 2 9 14 10 4
15 11 5 10 3 8 7 14 9 6 4 16 1 2 12 13
10 13 4 12 8 1 2 3 16 15 7 9 6 14 5 11
2 12 6 5 15 11 4 7 16 1 3 10 14 9 8 13
6 16 5 10 2 7 15 14 11 1 12 3 9 8 4 13
3 1 9 6 10 13 5 4 8 11 16 12 2 14 7 15
15 2 14 9 12 1 11 7 10 3 16 5 6 13 4 8
5 7 8 2 12 11 13 1 6 15 3 16 14 10 9 4
3 9 2 12 5 1 4 7 16 8 11 10 13 15 14 6
16 15 3 7 10 12 11 9 4 1 13 2 14 5 8 6
15 12 8 2 3 9 14 5 13 6 7 1 10 16 4 11
16 11 3 4 9 12 6 7 1 5 13 8 14 15 10 2
11 14 4 10 12 6 8 5 9 13 1 3 15 2 7 16
4 5 3 12 13 1 8 15 10 2 11 7 16 14 6 9
1 6 3 5 13 10 9 12 4 15 11 16 8 2 14 7
3 12 5 7 15 11 14 13 6 4 9 2 8 16 10 1